# Photoabsorption spectrum from real-time propagation
# GPAW version: 22.8.0
# Total time = 20.0000 fs, Time steps = [0.0000, 8.0000] as
# Kick = [0, 0, 0.001]
# Gaussian folding, Width = 0.2123 eV = 0.007802 Hartree <=> FWHM = 0.499928 eV
#    om (eV)                  S_x                  S_y                  S_z
    0.000000     0.0000000000e+00     0.0000000000e+00     0.0000000000e+00
    0.050000    -0.0000000000e+00    -0.0000000000e+00    -5.6395405405e-05
    0.100000    -0.0000000000e+00    -0.0000000000e+00    -2.0580410218e-04
    0.150000    -0.0000000000e+00    -0.0000000000e+00    -3.9584906932e-04
    0.200000    -0.0000000000e+00    -0.0000000000e+00    -5.5965844030e-04
    0.250000    -0.0000000000e+00    -0.0000000000e+00    -6.3807592353e-04
    0.300000    -0.0000000000e+00    -0.0000000000e+00    -5.9774292815e-04
    0.350000    -0.0000000000e+00    -0.0000000000e+00    -4.3902791500e-04
    0.400000    -0.0000000000e+00    -0.0000000000e+00    -1.9212361366e-04
    0.450000    -0.0000000000e+00    -0.0000000000e+00     9.5955137321e-05
    0.500000    -0.0000000000e+00    -0.0000000000e+00     3.7806525432e-04
    0.550000    -0.0000000000e+00    -0.0000000000e+00     6.2173134854e-04
    0.600000    -0.0000000000e+00    -0.0000000000e+00     8.1829749444e-04
    0.650000    -0.0000000000e+00    -0.0000000000e+00     9.8527934326e-04
    0.700000    -0.0000000000e+00    -0.0000000000e+00     1.1627493589e-03
    0.750000    -0.0000000000e+00    -0.0000000000e+00     1.4052589936e-03
    0.800000    -0.0000000000e+00    -0.0000000000e+00     1.7704168317e-03
    0.850000    -0.0000000000e+00    -0.0000000000e+00     2.3048129464e-03
    0.900000    -0.0000000000e+00    -0.0000000000e+00     3.0285394262e-03
    0.950000    -0.0000000000e+00    -0.0000000000e+00     3.9213103755e-03
    1.000000    -0.0000000000e+00    -0.0000000000e+00     4.9151159854e-03
    1.050000    -0.0000000000e+00    -0.0000000000e+00     5.8986832708e-03
    1.100000    -0.0000000000e+00    -0.0000000000e+00     6.7364244504e-03
    1.150000    -0.0000000000e+00    -0.0000000000e+00     7.2993144746e-03
    1.200000    -0.0000000000e+00    -0.0000000000e+00     7.4994219194e-03
    1.250000    -0.0000000000e+00    -0.0000000000e+00     7.3166482929e-03
    1.300000    -0.0000000000e+00    -0.0000000000e+00     6.8076965010e-03
    1.350000    -0.0000000000e+00    -0.0000000000e+00     6.0931636673e-03
    1.400000    -0.0000000000e+00    -0.0000000000e+00     5.3264159001e-03
    1.450000    -0.0000000000e+00    -0.0000000000e+00     4.6541489145e-03
    1.500000    -0.0000000000e+00    -0.0000000000e+00     4.1808119392e-03
    1.550000    -0.0000000000e+00    -0.0000000000e+00     3.9469347710e-03
    1.600000    -0.0000000000e+00    -0.0000000000e+00     3.9262374928e-03
    1.650000    -0.0000000000e+00    -0.0000000000e+00     4.0404042771e-03
    1.700000    -0.0000000000e+00    -0.0000000000e+00     4.1855178426e-03
    1.750000    -0.0000000000e+00    -0.0000000000e+00     4.2615893056e-03
    1.800000    -0.0000000000e+00    -0.0000000000e+00     4.1968004093e-03
    1.850000    -0.0000000000e+00    -0.0000000000e+00     3.9607093557e-03
    1.900000    -0.0000000000e+00    -0.0000000000e+00     3.5648043069e-03
    1.950000    -0.0000000000e+00    -0.0000000000e+00     3.0529844881e-03
    2.000000    -0.0000000000e+00    -0.0000000000e+00     2.4873525380e-03
    2.050000    -0.0000000000e+00    -0.0000000000e+00     1.9352436443e-03
    2.100000    -0.0000000000e+00    -0.0000000000e+00     1.4617752170e-03
    2.150000    -0.0000000000e+00    -0.0000000000e+00     1.1292507834e-03
    2.200000    -0.0000000000e+00    -0.0000000000e+00     1.0016285565e-03
    2.250000    -0.0000000000e+00    -0.0000000000e+00     1.1498658736e-03
    2.300000    -0.0000000000e+00    -0.0000000000e+00     1.6528159972e-03
    2.350000     0.0000000000e+00     0.0000000000e+00     2.5888694314e-03
    2.400000     0.0000000000e+00     0.0000000000e+00     4.0160527551e-03
    2.450000     0.0000000000e+00     0.0000000000e+00     5.9428469251e-03
    2.500000     0.0000000000e+00     0.0000000000e+00     8.2976315118e-03
    2.550000     0.0000000000e+00     0.0000000000e+00     1.0909165804e-02
    2.600000     0.0000000000e+00     0.0000000000e+00     1.3510943391e-02
    2.650000     0.0000000000e+00     0.0000000000e+00     1.5776601988e-02
    2.700000     0.0000000000e+00     0.0000000000e+00     1.7382601543e-02
    2.750000     0.0000000000e+00     0.0000000000e+00     1.8082239094e-02
    2.800000     0.0000000000e+00     0.0000000000e+00     1.7767687162e-02
    2.850000     0.0000000000e+00     0.0000000000e+00     1.6498623323e-02
    2.900000     0.0000000000e+00     0.0000000000e+00     1.4487262022e-02
    2.950000     0.0000000000e+00     0.0000000000e+00     1.2045352852e-02
    3.000000     0.0000000000e+00     0.0000000000e+00     9.5116760193e-03
    3.050000     0.0000000000e+00     0.0000000000e+00     7.1830875369e-03
    3.100000     0.0000000000e+00     0.0000000000e+00     5.2672352475e-03
    3.150000     0.0000000000e+00     0.0000000000e+00     3.8643938729e-03
    3.200000    -0.0000000000e+00    -0.0000000000e+00     2.9752285809e-03
    3.250000    -0.0000000000e+00    -0.0000000000e+00     2.5251228185e-03
    3.300000    -0.0000000000e+00    -0.0000000000e+00     2.3951006025e-03
    3.350000    -0.0000000000e+00    -0.0000000000e+00     2.4524462565e-03
    3.400000    -0.0000000000e+00    -0.0000000000e+00     2.5779079774e-03
    3.450000    -0.0000000000e+00    -0.0000000000e+00     2.6887675145e-03
    3.500000    -0.0000000000e+00    -0.0000000000e+00     2.7576304676e-03
    3.550000    -0.0000000000e+00    -0.0000000000e+00     2.8262485989e-03
    3.600000    -0.0000000000e+00    -0.0000000000e+00     3.0128058035e-03
    3.650000    -0.0000000000e+00    -0.0000000000e+00     3.5100905835e-03
    3.700000    -0.0000000000e+00    -0.0000000000e+00     4.5707706106e-03
    3.750000    -0.0000000000e+00    -0.0000000000e+00     6.4751258274e-03
    3.800000    -0.0000000000e+00    -0.0000000000e+00     9.4777772275e-03
    3.850000     0.0000000000e+00     0.0000000000e+00     1.3735281775e-02
    3.900000     0.0000000000e+00     0.0000000000e+00     1.9226499476e-02
    3.950000     0.0000000000e+00     0.0000000000e+00     2.5689354794e-02
    4.000000     0.0000000000e+00     0.0000000000e+00     3.2604313719e-02
    4.050000     0.0000000000e+00     0.0000000000e+00     3.9249210672e-02
    4.100000     0.0000000000e+00     0.0000000000e+00     4.4829115455e-02
    4.150000     0.0000000000e+00     0.0000000000e+00     4.8654451915e-02
    4.200000    -0.0000000000e+00    -0.0000000000e+00     5.0314220492e-02
    4.250000    -0.0000000000e+00    -0.0000000000e+00     4.9783975443e-02
    4.300000    -0.0000000000e+00    -0.0000000000e+00     4.7427357660e-02
    4.350000    -0.0000000000e+00    -0.0000000000e+00     4.3888998166e-02
    4.400000    -0.0000000000e+00    -0.0000000000e+00     3.9917589772e-02
    4.450000    -0.0000000000e+00    -0.0000000000e+00     3.6181356100e-02
    4.500000     0.0000000000e+00     0.0000000000e+00     3.3134095776e-02
    4.550000     0.0000000000e+00     0.0000000000e+00     3.0963320822e-02
    4.600000     0.0000000000e+00     0.0000000000e+00     2.9618358229e-02
    4.650000     0.0000000000e+00     0.0000000000e+00     2.8891831491e-02
    4.700000     0.0000000000e+00     0.0000000000e+00     2.8520330508e-02
    4.750000     0.0000000000e+00     0.0000000000e+00     2.8276124305e-02
    4.800000     0.0000000000e+00     0.0000000000e+00     2.8032435100e-02
    4.850000     0.0000000000e+00     0.0000000000e+00     2.7792857178e-02
    4.900000     0.0000000000e+00     0.0000000000e+00     2.7680102523e-02
    4.950000     0.0000000000e+00     0.0000000000e+00     2.7884508093e-02
    5.000000     0.0000000000e+00     0.0000000000e+00     2.8582384981e-02
    5.050000     0.0000000000e+00     0.0000000000e+00     2.9846948558e-02
    5.100000     0.0000000000e+00     0.0000000000e+00     3.1583453288e-02
    5.150000     0.0000000000e+00     0.0000000000e+00     3.3517534976e-02
    5.200000     0.0000000000e+00     0.0000000000e+00     3.5248986518e-02
    5.250000     0.0000000000e+00     0.0000000000e+00     3.6357904948e-02
    5.300000     0.0000000000e+00     0.0000000000e+00     3.6528128391e-02
    5.350000     0.0000000000e+00     0.0000000000e+00     3.5645509604e-02
    5.400000     0.0000000000e+00     0.0000000000e+00     3.3839904970e-02
    5.450000     0.0000000000e+00     0.0000000000e+00     3.1463731128e-02
    5.500000     0.0000000000e+00     0.0000000000e+00     2.9023735241e-02
    5.550000     0.0000000000e+00     0.0000000000e+00     2.7094260417e-02
    5.600000     0.0000000000e+00     0.0000000000e+00     2.6235707076e-02
    5.650000     0.0000000000e+00     0.0000000000e+00     2.6927041485e-02
    5.700000     0.0000000000e+00     0.0000000000e+00     2.9507905956e-02
    5.750000     0.0000000000e+00     0.0000000000e+00     3.4124209444e-02
    5.800000     0.0000000000e+00     0.0000000000e+00     4.0682891009e-02
    5.850000     0.0000000000e+00     0.0000000000e+00     4.8838909081e-02
    5.900000     0.0000000000e+00     0.0000000000e+00     5.8046635887e-02
    5.950000     0.0000000000e+00     0.0000000000e+00     6.7696654834e-02
    6.000000     0.0000000000e+00     0.0000000000e+00     7.7324764808e-02
    6.050000     0.0000000000e+00     0.0000000000e+00     8.6833666278e-02
    6.100000     0.0000000000e+00     0.0000000000e+00     9.6631833617e-02
    6.150000     0.0000000000e+00     0.0000000000e+00     1.0759364135e-01
    6.200000     0.0000000000e+00     0.0000000000e+00     1.2079426956e-01
    6.250000     0.0000000000e+00     0.0000000000e+00     1.3706377015e-01
    6.300000     0.0000000000e+00     0.0000000000e+00     1.5650270974e-01
    6.350000     0.0000000000e+00     0.0000000000e+00     1.7815843654e-01
    6.400000     0.0000000000e+00     0.0000000000e+00     2.0003670899e-01
    6.450000     0.0000000000e+00     0.0000000000e+00     2.1951225251e-01
    6.500000     0.0000000000e+00     0.0000000000e+00     2.3404219959e-01
    6.550000     0.0000000000e+00     0.0000000000e+00     2.4194794167e-01
    6.600000     0.0000000000e+00     0.0000000000e+00     2.4298098919e-01
    6.650000     0.0000000000e+00     0.0000000000e+00     2.3845579585e-01
    6.700000     0.0000000000e+00     0.0000000000e+00     2.3089051100e-01
    6.750000     0.0000000000e+00     0.0000000000e+00     2.2327673197e-01
    6.800000     0.0000000000e+00     0.0000000000e+00     2.1822678955e-01
    6.850000     0.0000000000e+00     0.0000000000e+00     2.1727660213e-01
    6.900000     0.0000000000e+00     0.0000000000e+00     2.2055335852e-01
    6.950000     0.0000000000e+00     0.0000000000e+00     2.2688613952e-01
    7.000000     0.0000000000e+00     0.0000000000e+00     2.3429453221e-01
    7.050000     0.0000000000e+00     0.0000000000e+00     2.4068078230e-01
    7.100000     0.0000000000e+00     0.0000000000e+00     2.4450480015e-01
    7.150000     0.0000000000e+00     0.0000000000e+00     2.4524793177e-01
    7.200000     0.0000000000e+00     0.0000000000e+00     2.4355801033e-01
    7.250000     0.0000000000e+00     0.0000000000e+00     2.4108108933e-01
    7.300000     0.0000000000e+00     0.0000000000e+00     2.4007963473e-01
    7.350000     0.0000000000e+00     0.0000000000e+00     2.4297569460e-01
    7.400000     0.0000000000e+00     0.0000000000e+00     2.5193070097e-01
    7.450000     0.0000000000e+00     0.0000000000e+00     2.6850592856e-01
    7.500000     0.0000000000e+00     0.0000000000e+00     2.9338695306e-01
    7.550000     0.0000000000e+00     0.0000000000e+00     3.2614466511e-01
    7.600000     0.0000000000e+00     0.0000000000e+00     3.6505419805e-01
    7.650000     0.0000000000e+00     0.0000000000e+00     4.0706677015e-01
    7.700000     0.0000000000e+00     0.0000000000e+00     4.4806541474e-01
    7.750000     0.0000000000e+00     0.0000000000e+00     4.8348265543e-01
    7.800000     0.0000000000e+00     0.0000000000e+00     5.0921585414e-01
    7.850000     0.0000000000e+00     0.0000000000e+00     5.2260674092e-01
    7.900000     0.0000000000e+00     0.0000000000e+00     5.2315224398e-01
    7.950000     0.0000000000e+00     0.0000000000e+00     5.1265792780e-01
    8.000000     0.0000000000e+00     0.0000000000e+00     4.9473391330e-01
    8.050000     0.0000000000e+00     0.0000000000e+00     4.7378593914e-01
    8.100000     0.0000000000e+00     0.0000000000e+00     4.5385213995e-01
    8.150000     0.0000000000e+00     0.0000000000e+00     4.3768705457e-01
    8.200000     0.0000000000e+00     0.0000000000e+00     4.2638116611e-01
    8.250000     0.0000000000e+00     0.0000000000e+00     4.1958712566e-01
    8.300000     0.0000000000e+00     0.0000000000e+00     4.1620137124e-01
    8.350000     0.0000000000e+00     0.0000000000e+00     4.1520757162e-01
    8.400000     0.0000000000e+00     0.0000000000e+00     4.1636446749e-01
    8.450000     0.0000000000e+00     0.0000000000e+00     4.2050281115e-01
    8.500000     0.0000000000e+00     0.0000000000e+00     4.2934035358e-01
    8.550000     0.0000000000e+00     0.0000000000e+00     4.4487960447e-01
    8.600000     0.0000000000e+00     0.0000000000e+00     4.6857938092e-01
    8.650000     0.0000000000e+00     0.0000000000e+00     5.0056099325e-01
    8.700000     0.0000000000e+00     0.0000000000e+00     5.3910857130e-01
    8.750000     0.0000000000e+00     0.0000000000e+00     5.8064794953e-01
    8.800000     0.0000000000e+00     0.0000000000e+00     6.2025390803e-01
    8.850000     0.0000000000e+00     0.0000000000e+00     6.5257669656e-01
    8.900000     0.0000000000e+00     0.0000000000e+00     6.7294697530e-01
    8.950000     0.0000000000e+00     0.0000000000e+00     6.7836258106e-01
    9.000000     0.0000000000e+00     0.0000000000e+00     6.6810341202e-01
    9.050000     0.0000000000e+00     0.0000000000e+00     6.4384411845e-01
    9.100000     0.0000000000e+00     0.0000000000e+00     6.0928677244e-01
    9.150000     0.0000000000e+00     0.0000000000e+00     5.6945831748e-01
    9.200000     0.0000000000e+00     0.0000000000e+00     5.2987202233e-01
    9.250000     0.0000000000e+00     0.0000000000e+00     4.9573453042e-01
    9.300000     0.0000000000e+00     0.0000000000e+00     4.7131568999e-01
    9.350000     0.0000000000e+00     0.0000000000e+00     4.5952453995e-01
    9.400000     0.0000000000e+00     0.0000000000e+00     4.6168338441e-01
    9.450000     0.0000000000e+00     0.0000000000e+00     4.7747710427e-01
    9.500000     0.0000000000e+00     0.0000000000e+00     5.0506910963e-01
    9.550000    -0.0000000000e+00    -0.0000000000e+00     5.4139346342e-01
    9.600000    -0.0000000000e+00    -0.0000000000e+00     5.8262626879e-01
    9.650000    -0.0000000000e+00    -0.0000000000e+00     6.2479641536e-01
    9.700000    -0.0000000000e+00    -0.0000000000e+00     6.6443324501e-01
    9.750000    -0.0000000000e+00    -0.0000000000e+00     6.9910555175e-01
    9.800000    -0.0000000000e+00    -0.0000000000e+00     7.2771743289e-01
    9.850000    -0.0000000000e+00    -0.0000000000e+00     7.5049594064e-01
    9.900000    -0.0000000000e+00    -0.0000000000e+00     7.6870108016e-01
    9.950000    -0.0000000000e+00    -0.0000000000e+00     7.8416364779e-01
   10.000000    -0.0000000000e+00    -0.0000000000e+00     7.9878075771e-01
   10.050000    -0.0000000000e+00    -0.0000000000e+00     8.1407570411e-01
   10.100000    -0.0000000000e+00    -0.0000000000e+00     8.3088415480e-01
   10.150000    -0.0000000000e+00    -0.0000000000e+00     8.4918827980e-01
   10.200000    -0.0000000000e+00    -0.0000000000e+00     8.6809437723e-01
   10.250000    -0.0000000000e+00    -0.0000000000e+00     8.8593519493e-01
   10.300000    -0.0000000000e+00    -0.0000000000e+00     9.0047164958e-01
   10.350000    -0.0000000000e+00    -0.0000000000e+00     9.0917000596e-01
   10.400000    -0.0000000000e+00    -0.0000000000e+00     9.0953771930e-01
   10.450000    -0.0000000000e+00    -0.0000000000e+00     8.9950384699e-01
   10.500000    -0.0000000000e+00    -0.0000000000e+00     8.7781520986e-01
   10.550000    -0.0000000000e+00    -0.0000000000e+00     8.4438632021e-01
   10.600000    -0.0000000000e+00    -0.0000000000e+00     8.0050932312e-01
   10.650000    -0.0000000000e+00    -0.0000000000e+00     7.4883067984e-01
   10.700000    -0.0000000000e+00    -0.0000000000e+00     6.9305174651e-01
   10.750000    -0.0000000000e+00    -0.0000000000e+00     6.3739639945e-01
   10.800000    -0.0000000000e+00    -0.0000000000e+00     5.8596836458e-01
   10.850000    -0.0000000000e+00    -0.0000000000e+00     5.4215127983e-01
   10.900000    -0.0000000000e+00    -0.0000000000e+00     5.0817253621e-01
   10.950000    -0.0000000000e+00    -0.0000000000e+00     4.8488319033e-01
   11.000000    -0.0000000000e+00    -0.0000000000e+00     4.7174587050e-01
   11.050000    -0.0000000000e+00    -0.0000000000e+00     4.6700164450e-01
   11.100000    -0.0000000000e+00    -0.0000000000e+00     4.6799965426e-01
   11.150000    -0.0000000000e+00    -0.0000000000e+00     4.7168380085e-01
   11.200000    -0.0000000000e+00    -0.0000000000e+00     4.7520306284e-01
   11.250000     0.0000000000e+00     0.0000000000e+00     4.7654339493e-01
   11.300000     0.0000000000e+00     0.0000000000e+00     4.7500920389e-01
   11.350000     0.0000000000e+00     0.0000000000e+00     4.7136984922e-01
   11.400000     0.0000000000e+00     0.0000000000e+00     4.6756766103e-01
   11.450000     0.0000000000e+00     0.0000000000e+00     4.6604092727e-01
   11.500000     0.0000000000e+00     0.0000000000e+00     4.6887876892e-01
   11.550000    -0.0000000000e+00    -0.0000000000e+00     4.7711065351e-01
   11.600000    -0.0000000000e+00    -0.0000000000e+00     4.9039198909e-01
   11.650000    -0.0000000000e+00    -0.0000000000e+00     5.0719401875e-01
   11.700000    -0.0000000000e+00    -0.0000000000e+00     5.2541250507e-01
   11.750000    -0.0000000000e+00    -0.0000000000e+00     5.4316197843e-01
   11.800000    -0.0000000000e+00    -0.0000000000e+00     5.5947594796e-01
   11.850000    -0.0000000000e+00    -0.0000000000e+00     5.7468987794e-01
   11.900000    -0.0000000000e+00    -0.0000000000e+00     5.9040195943e-01
   11.950000    -0.0000000000e+00    -0.0000000000e+00     6.0903544098e-01
   12.000000    -0.0000000000e+00    -0.0000000000e+00     6.3313094132e-01
   12.050000    -0.0000000000e+00    -0.0000000000e+00     6.6456506843e-01
   12.100000    -0.0000000000e+00    -0.0000000000e+00     7.0391861676e-01
   12.150000    -0.0000000000e+00    -0.0000000000e+00     7.5019442407e-01
   12.200000    -0.0000000000e+00    -0.0000000000e+00     8.0100027575e-01
   12.250000    -0.0000000000e+00    -0.0000000000e+00     8.5317108087e-01
   12.300000    -0.0000000000e+00    -0.0000000000e+00     9.0364499479e-01
   12.350000    -0.0000000000e+00    -0.0000000000e+00     9.5029588280e-01
   12.400000    -0.0000000000e+00    -0.0000000000e+00     9.9242064249e-01
   12.450000    -0.0000000000e+00    -0.0000000000e+00     1.0307007893e+00
   12.500000    -0.0000000000e+00    -0.0000000000e+00     1.0666564246e+00
   12.550000    -0.0000000000e+00    -0.0000000000e+00     1.1017983092e+00
   12.600000    -0.0000000000e+00    -0.0000000000e+00     1.1367796663e+00
   12.650000    -0.0000000000e+00    -0.0000000000e+00     1.1708262409e+00
   12.700000    -0.0000000000e+00    -0.0000000000e+00     1.2016145281e+00
   12.750000    -0.0000000000e+00    -0.0000000000e+00     1.2256351130e+00
   12.800000    -0.0000000000e+00    -0.0000000000e+00     1.2389649803e+00
   12.850000    -0.0000000000e+00    -0.0000000000e+00     1.2382873514e+00
   12.900000    -0.0000000000e+00    -0.0000000000e+00     1.2219296099e+00
   12.950000    -0.0000000000e+00    -0.0000000000e+00     1.1906436604e+00
   13.000000    -0.0000000000e+00    -0.0000000000e+00     1.1478610939e+00
   13.050000    -0.0000000000e+00    -0.0000000000e+00     1.0992550627e+00
   13.100000    -0.0000000000e+00    -0.0000000000e+00     1.0516328681e+00
   13.150000     0.0000000000e+00     0.0000000000e+00     1.0114110524e+00
   13.200000     0.0000000000e+00     0.0000000000e+00     9.8309357193e-01
   13.250000     0.0000000000e+00     0.0000000000e+00     9.6820236119e-01
   13.300000     0.0000000000e+00     0.0000000000e+00     9.6497799208e-01
   13.350000     0.0000000000e+00     0.0000000000e+00     9.6892781361e-01
   13.400000    -0.0000000000e+00    -0.0000000000e+00     9.7404379435e-01
   13.450000    -0.0000000000e+00    -0.0000000000e+00     9.7433074339e-01
   13.500000    -0.0000000000e+00    -0.0000000000e+00     9.6522550586e-01
   13.550000    -0.0000000000e+00    -0.0000000000e+00     9.4454946140e-01
   13.600000    -0.0000000000e+00    -0.0000000000e+00     9.1278808123e-01
   13.650000    -0.0000000000e+00    -0.0000000000e+00     8.7268661493e-01
   13.700000    -0.0000000000e+00    -0.0000000000e+00     8.2834055908e-01
   13.750000    -0.0000000000e+00    -0.0000000000e+00     7.8409316131e-01
   13.800000    -0.0000000000e+00    -0.0000000000e+00     7.4358674445e-01
   13.850000    -0.0000000000e+00    -0.0000000000e+00     7.0923200617e-01
   13.900000    -0.0000000000e+00    -0.0000000000e+00     6.8218476723e-01
   13.950000    -0.0000000000e+00    -0.0000000000e+00     6.6272117857e-01
   14.000000    -0.0000000000e+00    -0.0000000000e+00     6.5076374432e-01
   14.050000    -0.0000000000e+00    -0.0000000000e+00     6.4628757677e-01
   14.100000    -0.0000000000e+00    -0.0000000000e+00     6.4942759544e-01
   14.150000    -0.0000000000e+00    -0.0000000000e+00     6.6025925664e-01
   14.200000    -0.0000000000e+00    -0.0000000000e+00     6.7836737453e-01
   14.250000    -0.0000000000e+00    -0.0000000000e+00     7.0240037636e-01
   14.300000    -0.0000000000e+00    -0.0000000000e+00     7.2981724802e-01
   14.350000    -0.0000000000e+00    -0.0000000000e+00     7.5698177899e-01
   14.400000    -0.0000000000e+00    -0.0000000000e+00     7.7966005370e-01
   14.450000    -0.0000000000e+00    -0.0000000000e+00     7.9385109163e-01
   14.500000    -0.0000000000e+00    -0.0000000000e+00     7.9675635565e-01
   14.550000     0.0000000000e+00     0.0000000000e+00     7.8761421114e-01
   14.600000     0.0000000000e+00     0.0000000000e+00     7.6813024312e-01
   14.650000     0.0000000000e+00     0.0000000000e+00     7.4233422488e-01
   14.700000     0.0000000000e+00     0.0000000000e+00     7.1585733370e-01
   14.750000     0.0000000000e+00     0.0000000000e+00     6.9478829019e-01
   14.800000     0.0000000000e+00     0.0000000000e+00     6.8437776790e-01
   14.850000     0.0000000000e+00     0.0000000000e+00     6.8789007512e-01
   14.900000     0.0000000000e+00     0.0000000000e+00     7.0585637522e-01
   14.950000     0.0000000000e+00     0.0000000000e+00     7.3588891276e-01
   15.000000     0.0000000000e+00     0.0000000000e+00     7.7309610815e-01
   15.050000     0.0000000000e+00     0.0000000000e+00     8.1101455163e-01
   15.100000     0.0000000000e+00     0.0000000000e+00     8.4286539141e-01
   15.150000     0.0000000000e+00     0.0000000000e+00     8.6287071398e-01
   15.200000     0.0000000000e+00     0.0000000000e+00     8.6734941625e-01
   15.250000     0.0000000000e+00     0.0000000000e+00     8.5536035565e-01
   15.300000     0.0000000000e+00     0.0000000000e+00     8.2876500371e-01
   15.350000     0.0000000000e+00     0.0000000000e+00     7.9171736711e-01
   15.400000     0.0000000000e+00     0.0000000000e+00     7.4972008859e-01
   15.450000     0.0000000000e+00     0.0000000000e+00     7.0847727687e-01
   15.500000     0.0000000000e+00     0.0000000000e+00     6.7280406424e-01
   15.550000     0.0000000000e+00     0.0000000000e+00     6.4581823404e-01
   15.600000    -0.0000000000e+00    -0.0000000000e+00     6.2855851769e-01
   15.650000    -0.0000000000e+00    -0.0000000000e+00     6.2007446012e-01
   15.700000    -0.0000000000e+00    -0.0000000000e+00     6.1793645258e-01
   15.750000    -0.0000000000e+00    -0.0000000000e+00     6.1903284287e-01
   15.800000    -0.0000000000e+00    -0.0000000000e+00     6.2045967250e-01
   15.850000    -0.0000000000e+00    -0.0000000000e+00     6.2027834162e-01
   15.900000    -0.0000000000e+00    -0.0000000000e+00     6.1793565624e-01
   15.950000    -0.0000000000e+00    -0.0000000000e+00     6.1422323074e-01
   16.000000    -0.0000000000e+00    -0.0000000000e+00     6.1079061108e-01
   16.050000    -0.0000000000e+00    -0.0000000000e+00     6.0937936924e-01
   16.100000    -0.0000000000e+00    -0.0000000000e+00     6.1105490760e-01
   16.150000    -0.0000000000e+00    -0.0000000000e+00     6.1572722732e-01
   16.200000    -0.0000000000e+00    -0.0000000000e+00     6.2215428308e-01
   16.250000    -0.0000000000e+00    -0.0000000000e+00     6.2844137203e-01
   16.300000    -0.0000000000e+00    -0.0000000000e+00     6.3285490379e-01
   16.350000    -0.0000000000e+00    -0.0000000000e+00     6.3463799584e-01
   16.400000    -0.0000000000e+00    -0.0000000000e+00     6.3450546477e-01
   16.450000    -0.0000000000e+00    -0.0000000000e+00     6.3461453910e-01
   16.500000    -0.0000000000e+00    -0.0000000000e+00     6.3800688479e-01
   16.550000    -0.0000000000e+00    -0.0000000000e+00     6.4771351963e-01
   16.600000    -0.0000000000e+00    -0.0000000000e+00     6.6582653767e-01
   16.650000    -0.0000000000e+00    -0.0000000000e+00     6.9283166399e-01
   16.700000    -0.0000000000e+00    -0.0000000000e+00     7.2738277395e-01
   16.750000    -0.0000000000e+00    -0.0000000000e+00     7.6654546836e-01
   16.800000    -0.0000000000e+00    -0.0000000000e+00     8.0640895961e-01
   16.850000    -0.0000000000e+00    -0.0000000000e+00     8.4290081519e-01
   16.900000    -0.0000000000e+00    -0.0000000000e+00     8.7263089889e-01
   16.950000    -0.0000000000e+00    -0.0000000000e+00     8.9360577389e-01
   17.000000    -0.0000000000e+00    -0.0000000000e+00     9.0566668262e-01
   17.050000    -0.0000000000e+00    -0.0000000000e+00     9.1051945886e-01
   17.100000    -0.0000000000e+00    -0.0000000000e+00     9.1127815885e-01
   17.150000    -0.0000000000e+00    -0.0000000000e+00     9.1156444990e-01
   17.200000    -0.0000000000e+00    -0.0000000000e+00     9.1437440421e-01
   17.250000    -0.0000000000e+00    -0.0000000000e+00     9.2106888095e-01
   17.300000    -0.0000000000e+00    -0.0000000000e+00     9.3086723025e-01
   17.350000    -0.0000000000e+00    -0.0000000000e+00     9.4107371735e-01
   17.400000    -0.0000000000e+00    -0.0000000000e+00     9.4798149050e-01
   17.450000    -0.0000000000e+00    -0.0000000000e+00     9.4810720622e-01
   17.500000    -0.0000000000e+00    -0.0000000000e+00     9.3926074341e-01
   17.550000    -0.0000000000e+00    -0.0000000000e+00     9.2103506680e-01
   17.600000    -0.0000000000e+00    -0.0000000000e+00     8.9457875208e-01
   17.650000    -0.0000000000e+00    -0.0000000000e+00     8.6184963663e-01
   17.700000    -0.0000000000e+00    -0.0000000000e+00     8.2477274507e-01
   17.750000    -0.0000000000e+00    -0.0000000000e+00     7.8472990245e-01
   17.800000    -0.0000000000e+00    -0.0000000000e+00     7.4260039606e-01
   17.850000    -0.0000000000e+00    -0.0000000000e+00     6.9926781394e-01
   17.900000    -0.0000000000e+00    -0.0000000000e+00     6.5626535178e-01
   17.950000    -0.0000000000e+00    -0.0000000000e+00     6.1616567403e-01
   18.000000    -0.0000000000e+00    -0.0000000000e+00     5.8245040745e-01
   18.050000    -0.0000000000e+00    -0.0000000000e+00     5.5884170999e-01
   18.100000    -0.0000000000e+00    -0.0000000000e+00     5.4832117758e-01
   18.150000    -0.0000000000e+00    -0.0000000000e+00     5.5219495489e-01
   18.200000    -0.0000000000e+00    -0.0000000000e+00     5.6954553372e-01
   18.250000    -0.0000000000e+00    -0.0000000000e+00     5.9726543936e-01
   18.300000    -0.0000000000e+00    -0.0000000000e+00     6.3066431620e-01
   18.350000    -0.0000000000e+00    -0.0000000000e+00     6.6445640596e-01
   18.400000    -0.0000000000e+00    -0.0000000000e+00     6.9382966421e-01
   18.450000    -0.0000000000e+00    -0.0000000000e+00     7.1529814352e-01
   18.500000    -0.0000000000e+00    -0.0000000000e+00     7.2713698614e-01
   18.550000    -0.0000000000e+00    -0.0000000000e+00     7.2935360614e-01
   18.600000    -0.0000000000e+00    -0.0000000000e+00     7.2329970672e-01
   18.650000    -0.0000000000e+00    -0.0000000000e+00     7.1112000067e-01
   18.700000    -0.0000000000e+00    -0.0000000000e+00     6.9523535531e-01
   18.750000    -0.0000000000e+00    -0.0000000000e+00     6.7798233600e-01
   18.800000    -0.0000000000e+00    -0.0000000000e+00     6.6142496050e-01
   18.850000    -0.0000000000e+00    -0.0000000000e+00     6.4727515498e-01
   18.900000    -0.0000000000e+00    -0.0000000000e+00     6.3684168079e-01
   18.950000    -0.0000000000e+00    -0.0000000000e+00     6.3096843928e-01
   19.000000    -0.0000000000e+00    -0.0000000000e+00     6.2998262135e-01
   19.050000    -0.0000000000e+00    -0.0000000000e+00     6.3370436546e-01
   19.100000    -0.0000000000e+00    -0.0000000000e+00     6.4154953566e-01
   19.150000    -0.0000000000e+00    -0.0000000000e+00     6.5270122630e-01
   19.200000    -0.0000000000e+00    -0.0000000000e+00     6.6627504664e-01
   19.250000    -0.0000000000e+00    -0.0000000000e+00     6.8139618903e-01
   19.300000    -0.0000000000e+00    -0.0000000000e+00     6.9715168145e-01
   19.350000    -0.0000000000e+00    -0.0000000000e+00     7.1245430409e-01
   19.400000    -0.0000000000e+00    -0.0000000000e+00     7.2591453064e-01
   19.450000    -0.0000000000e+00    -0.0000000000e+00     7.3583157412e-01
   19.500000    -0.0000000000e+00    -0.0000000000e+00     7.4037620519e-01
   19.550000    -0.0000000000e+00    -0.0000000000e+00     7.3796141407e-01
   19.600000    -0.0000000000e+00    -0.0000000000e+00     7.2770986517e-01
   19.650000    -0.0000000000e+00    -0.0000000000e+00     7.0986062969e-01
   19.700000    -0.0000000000e+00    -0.0000000000e+00     6.8594079370e-01
   19.750000    -0.0000000000e+00    -0.0000000000e+00     6.5857917502e-01
   19.800000    -0.0000000000e+00    -0.0000000000e+00     6.3095605095e-01
   19.850000    -0.0000000000e+00    -0.0000000000e+00     6.0602881828e-01
   19.900000    -0.0000000000e+00    -0.0000000000e+00     5.8578710542e-01
   19.950000    -0.0000000000e+00    -0.0000000000e+00     5.7081106932e-01
   20.000000    -0.0000000000e+00    -0.0000000000e+00     5.6030877990e-01
   20.050000    -0.0000000000e+00    -0.0000000000e+00     5.5262527744e-01
   20.100000    -0.0000000000e+00    -0.0000000000e+00     5.4602623448e-01
   20.150000    -0.0000000000e+00    -0.0000000000e+00     5.3944991264e-01
   20.200000    -0.0000000000e+00    -0.0000000000e+00     5.3294151209e-01
   20.250000    -0.0000000000e+00    -0.0000000000e+00     5.2762112261e-01
   20.300000    -0.0000000000e+00    -0.0000000000e+00     5.2522449335e-01
   20.350000    -0.0000000000e+00    -0.0000000000e+00     5.2741204928e-01
   20.400000    -0.0000000000e+00    -0.0000000000e+00     5.3510691419e-01
   20.450000    -0.0000000000e+00    -0.0000000000e+00     5.4808462923e-01
   20.500000    -0.0000000000e+00    -0.0000000000e+00     5.6492645307e-01
   20.550000    -0.0000000000e+00    -0.0000000000e+00     5.8331638921e-01
   20.600000    -0.0000000000e+00    -0.0000000000e+00     6.0055745336e-01
   20.650000    -0.0000000000e+00    -0.0000000000e+00     6.1413404358e-01
   20.700000    -0.0000000000e+00    -0.0000000000e+00     6.2216066363e-01
   20.750000    -0.0000000000e+00    -0.0000000000e+00     6.2361935018e-01
   20.800000    -0.0000000000e+00    -0.0000000000e+00     6.1837229905e-01
   20.850000    -0.0000000000e+00    -0.0000000000e+00     6.0701038660e-01
   20.900000    -0.0000000000e+00    -0.0000000000e+00     5.9063589994e-01
   20.950000    -0.0000000000e+00    -0.0000000000e+00     5.7066831156e-01
   21.000000    -0.0000000000e+00    -0.0000000000e+00     5.4871598655e-01
   21.050000    -0.0000000000e+00    -0.0000000000e+00     5.2650084560e-01
   21.100000    -0.0000000000e+00    -0.0000000000e+00     5.0578608298e-01
   21.150000    -0.0000000000e+00    -0.0000000000e+00     4.8825587840e-01
   21.200000    -0.0000000000e+00    -0.0000000000e+00     4.7532844277e-01
   21.250000    -0.0000000000e+00    -0.0000000000e+00     4.6793167856e-01
   21.300000    -0.0000000000e+00    -0.0000000000e+00     4.6631034024e-01
   21.350000    -0.0000000000e+00    -0.0000000000e+00     4.6994575572e-01
   21.400000    -0.0000000000e+00    -0.0000000000e+00     4.7764651291e-01
   21.450000    -0.0000000000e+00    -0.0000000000e+00     4.8781734675e-01
   21.500000    -0.0000000000e+00    -0.0000000000e+00     4.9885153850e-01
   21.550000    -0.0000000000e+00    -0.0000000000e+00     5.0954272219e-01
   21.600000    -0.0000000000e+00    -0.0000000000e+00     5.1939524984e-01
   21.650000    -0.0000000000e+00    -0.0000000000e+00     5.2873667340e-01
   21.700000    -0.0000000000e+00    -0.0000000000e+00     5.3859382748e-01
   21.750000    -0.0000000000e+00    -0.0000000000e+00     5.5036455649e-01
   21.800000    -0.0000000000e+00    -0.0000000000e+00     5.6537545305e-01
   21.850000    -0.0000000000e+00    -0.0000000000e+00     5.8444394039e-01
   21.900000    -0.0000000000e+00    -0.0000000000e+00     6.0755571551e-01
   21.950000    -0.0000000000e+00    -0.0000000000e+00     6.3373361711e-01
   22.000000    -0.0000000000e+00    -0.0000000000e+00     6.6112560644e-01
   22.050000    -0.0000000000e+00    -0.0000000000e+00     6.8729138176e-01
   22.100000    -0.0000000000e+00    -0.0000000000e+00     7.0962784809e-01
   22.150000    -0.0000000000e+00    -0.0000000000e+00     7.2584681444e-01
   22.200000    -0.0000000000e+00    -0.0000000000e+00     7.3440542834e-01
   22.250000    -0.0000000000e+00    -0.0000000000e+00     7.3479365363e-01
   22.300000    -0.0000000000e+00    -0.0000000000e+00     7.2760752246e-01
   22.350000    -0.0000000000e+00    -0.0000000000e+00     7.1438326985e-01
   22.400000    -0.0000000000e+00    -0.0000000000e+00     6.9722887963e-01
   22.450000    -0.0000000000e+00    -0.0000000000e+00     6.7834868138e-01
   22.500000    -0.0000000000e+00    -0.0000000000e+00     6.5959065212e-01
   22.550000    -0.0000000000e+00    -0.0000000000e+00     6.4213793494e-01
   22.600000    -0.0000000000e+00    -0.0000000000e+00     6.2641532945e-01
   22.650000    -0.0000000000e+00    -0.0000000000e+00     6.1220726529e-01
   22.700000    -0.0000000000e+00    -0.0000000000e+00     5.9891662122e-01
   22.750000    -0.0000000000e+00    -0.0000000000e+00     5.8586049528e-01
   22.800000    -0.0000000000e+00    -0.0000000000e+00     5.7250919440e-01
   22.850000    -0.0000000000e+00    -0.0000000000e+00     5.5861683169e-01
   22.900000    -0.0000000000e+00    -0.0000000000e+00     5.4424150410e-01
   22.950000    -0.0000000000e+00    -0.0000000000e+00     5.2968695855e-01
   23.000000    -0.0000000000e+00    -0.0000000000e+00     5.1540613692e-01
   23.050000    -0.0000000000e+00    -0.0000000000e+00     5.0189615353e-01
   23.100000    -0.0000000000e+00    -0.0000000000e+00     4.8959901078e-01
   23.150000    -0.0000000000e+00    -0.0000000000e+00     4.7881514793e-01
   23.200000    -0.0000000000e+00    -0.0000000000e+00     4.6964011616e-01
   23.250000    -0.0000000000e+00    -0.0000000000e+00     4.6194093369e-01
   23.300000    -0.0000000000e+00    -0.0000000000e+00     4.5538780432e-01
   23.350000    -0.0000000000e+00    -0.0000000000e+00     4.4954372596e-01
   23.400000    -0.0000000000e+00    -0.0000000000e+00     4.4399267627e-01
   23.450000    -0.0000000000e+00    -0.0000000000e+00     4.3846684464e-01
   23.500000    -0.0000000000e+00    -0.0000000000e+00     4.3292607346e-01
   23.550000    -0.0000000000e+00    -0.0000000000e+00     4.2755466822e-01
   23.600000    -0.0000000000e+00    -0.0000000000e+00     4.2267001454e-01
   23.650000    -0.0000000000e+00    -0.0000000000e+00     4.1857346865e-01
   23.700000    -0.0000000000e+00    -0.0000000000e+00     4.1540118398e-01
   23.750000    -0.0000000000e+00    -0.0000000000e+00     4.1303680005e-01
   23.800000    -0.0000000000e+00    -0.0000000000e+00     4.1112421085e-01
   23.850000    -0.0000000000e+00    -0.0000000000e+00     4.0917566546e-01
   23.900000    -0.0000000000e+00    -0.0000000000e+00     4.0672841805e-01
   23.950000    -0.0000000000e+00    -0.0000000000e+00     4.0348370749e-01
   24.000000    -0.0000000000e+00    -0.0000000000e+00     3.9937538049e-01
   24.050000    -0.0000000000e+00    -0.0000000000e+00     3.9455381675e-01
   24.100000    -0.0000000000e+00    -0.0000000000e+00     3.8931149959e-01
   24.150000    -0.0000000000e+00    -0.0000000000e+00     3.8399671982e-01
   24.200000    -0.0000000000e+00    -0.0000000000e+00     3.7895271063e-01
   24.250000    -0.0000000000e+00    -0.0000000000e+00     3.7449127640e-01
   24.300000    -0.0000000000e+00    -0.0000000000e+00     3.7088410267e-01
   24.350000     0.0000000000e+00     0.0000000000e+00     3.6834887408e-01
   24.400000     0.0000000000e+00     0.0000000000e+00     3.6702314655e-01
   24.450000     0.0000000000e+00     0.0000000000e+00     3.6694304593e-01
   24.500000     0.0000000000e+00     0.0000000000e+00     3.6805724787e-01
   24.550000     0.0000000000e+00     0.0000000000e+00     3.7029759995e-01
   24.600000     0.0000000000e+00     0.0000000000e+00     3.7369874214e-01
   24.650000     0.0000000000e+00     0.0000000000e+00     3.7852481562e-01
   24.700000     0.0000000000e+00     0.0000000000e+00     3.8534007382e-01
   24.750000     0.0000000000e+00     0.0000000000e+00     3.9496478496e-01
   24.800000    -0.0000000000e+00    -0.0000000000e+00     4.0829044998e-01
   24.850000    -0.0000000000e+00    -0.0000000000e+00     4.2598001037e-01
   24.900000    -0.0000000000e+00    -0.0000000000e+00     4.4813194135e-01
   24.950000    -0.0000000000e+00    -0.0000000000e+00     4.7402117423e-01
   25.000000    -0.0000000000e+00    -0.0000000000e+00     5.0202737452e-01
   25.050000    -0.0000000000e+00    -0.0000000000e+00     5.2981572856e-01
   25.100000    -0.0000000000e+00    -0.0000000000e+00     5.5475674566e-01
   25.150000    -0.0000000000e+00    -0.0000000000e+00     5.7448532444e-01
   25.200000    -0.0000000000e+00    -0.0000000000e+00     5.8743913469e-01
   25.250000    -0.0000000000e+00    -0.0000000000e+00     5.9320987543e-01
   25.300000    -0.0000000000e+00    -0.0000000000e+00     5.9259580409e-01
   25.350000    -0.0000000000e+00    -0.0000000000e+00     5.8734153868e-01
   25.400000    -0.0000000000e+00    -0.0000000000e+00     5.7965331914e-01
   25.450000    -0.0000000000e+00    -0.0000000000e+00     5.7164401945e-01
   25.500000    -0.0000000000e+00    -0.0000000000e+00     5.6486836537e-01
   25.550000    -0.0000000000e+00    -0.0000000000e+00     5.6005876525e-01
   25.600000    -0.0000000000e+00    -0.0000000000e+00     5.5709360247e-01
   25.650000    -0.0000000000e+00    -0.0000000000e+00     5.5515866723e-01
   25.700000    -0.0000000000e+00    -0.0000000000e+00     5.5302406865e-01
   25.750000    -0.0000000000e+00    -0.0000000000e+00     5.4935753079e-01
   25.800000    -0.0000000000e+00    -0.0000000000e+00     5.4301556097e-01
   25.850000    -0.0000000000e+00    -0.0000000000e+00     5.3327590594e-01
   25.900000    -0.0000000000e+00    -0.0000000000e+00     5.1998611430e-01
   25.950000    -0.0000000000e+00    -0.0000000000e+00     5.0360705543e-01
   26.000000    -0.0000000000e+00    -0.0000000000e+00     4.8513914963e-01
   26.050000    -0.0000000000e+00    -0.0000000000e+00     4.6594130774e-01
   26.100000    -0.0000000000e+00    -0.0000000000e+00     4.4748347438e-01
   26.150000    -0.0000000000e+00    -0.0000000000e+00     4.3109709735e-01
   26.200000    -0.0000000000e+00    -0.0000000000e+00     4.1778779374e-01
   26.250000    -0.0000000000e+00    -0.0000000000e+00     4.0814737210e-01
   26.300000    -0.0000000000e+00    -0.0000000000e+00     4.0236075246e-01
   26.350000    -0.0000000000e+00    -0.0000000000e+00     4.0026850621e-01
   26.400000    -0.0000000000e+00    -0.0000000000e+00     4.0143494860e-01
   26.450000    -0.0000000000e+00    -0.0000000000e+00     4.0518853629e-01
   26.500000    -0.0000000000e+00    -0.0000000000e+00     4.1063460966e-01
   26.550000    -0.0000000000e+00    -0.0000000000e+00     4.1667125166e-01
   26.600000    -0.0000000000e+00    -0.0000000000e+00     4.2205038988e-01
   26.650000    -0.0000000000e+00    -0.0000000000e+00     4.2551174628e-01
   26.700000    -0.0000000000e+00    -0.0000000000e+00     4.2598343516e-01
   26.750000    -0.0000000000e+00    -0.0000000000e+00     4.2280617463e-01
   26.800000    -0.0000000000e+00    -0.0000000000e+00     4.1591617180e-01
   26.850000    -0.0000000000e+00    -0.0000000000e+00     4.0592568253e-01
   26.900000    -0.0000000000e+00    -0.0000000000e+00     3.9406868400e-01
   26.950000    -0.0000000000e+00    -0.0000000000e+00     3.8201944025e-01
   27.000000    -0.0000000000e+00    -0.0000000000e+00     3.7162688732e-01
   27.050000    -0.0000000000e+00    -0.0000000000e+00     3.6462477431e-01
   27.100000    -0.0000000000e+00    -0.0000000000e+00     3.6237342935e-01
   27.150000    -0.0000000000e+00    -0.0000000000e+00     3.6567092543e-01
   27.200000    -0.0000000000e+00    -0.0000000000e+00     3.7465098877e-01
   27.250000    -0.0000000000e+00    -0.0000000000e+00     3.8877135855e-01
   27.300000     0.0000000000e+00     0.0000000000e+00     4.0689127069e-01
   27.350000     0.0000000000e+00     0.0000000000e+00     4.2743488151e-01
   27.400000     0.0000000000e+00     0.0000000000e+00     4.4863069825e-01
   27.450000     0.0000000000e+00     0.0000000000e+00     4.6880089305e-01
   27.500000     0.0000000000e+00     0.0000000000e+00     4.8665198606e-01
   27.550000     0.0000000000e+00     0.0000000000e+00     5.0150059690e-01
   27.600000     0.0000000000e+00     0.0000000000e+00     5.1336803991e-01
   27.650000     0.0000000000e+00     0.0000000000e+00     5.2290337674e-01
   27.700000     0.0000000000e+00     0.0000000000e+00     5.3114235582e-01
   27.750000     0.0000000000e+00     0.0000000000e+00     5.3916332287e-01
   27.800000     0.0000000000e+00     0.0000000000e+00     5.4773865207e-01
   27.850000     0.0000000000e+00     0.0000000000e+00     5.5708442128e-01
   27.900000     0.0000000000e+00     0.0000000000e+00     5.6677896779e-01
   27.950000     0.0000000000e+00     0.0000000000e+00     5.7586580040e-01
   28.000000     0.0000000000e+00     0.0000000000e+00     5.8310072312e-01
   28.050000     0.0000000000e+00     0.0000000000e+00     5.8726729817e-01
   28.100000     0.0000000000e+00     0.0000000000e+00     5.8747734932e-01
   28.150000     0.0000000000e+00     0.0000000000e+00     5.8338866810e-01
   28.200000     0.0000000000e+00     0.0000000000e+00     5.7529781509e-01
   28.250000     0.0000000000e+00     0.0000000000e+00     5.6409196012e-01
   28.300000     0.0000000000e+00     0.0000000000e+00     5.5106829178e-01
   28.350000     0.0000000000e+00     0.0000000000e+00     5.3765591963e-01
   28.400000     0.0000000000e+00     0.0000000000e+00     5.2510308150e-01
   28.450000     0.0000000000e+00     0.0000000000e+00     5.1421220927e-01
   28.500000     0.0000000000e+00     0.0000000000e+00     5.0520187678e-01
   28.550000     0.0000000000e+00     0.0000000000e+00     4.9773926381e-01
   28.600000     0.0000000000e+00     0.0000000000e+00     4.9112812307e-01
   28.650000     0.0000000000e+00     0.0000000000e+00     4.8458045552e-01
   28.700000     0.0000000000e+00     0.0000000000e+00     4.7747317762e-01
   28.750000     0.0000000000e+00     0.0000000000e+00     4.6950725908e-01
   28.800000     0.0000000000e+00     0.0000000000e+00     4.6073591180e-01
   28.850000     0.0000000000e+00     0.0000000000e+00     4.5148337683e-01
   28.900000     0.0000000000e+00     0.0000000000e+00     4.4220983902e-01
   28.950000    -0.0000000000e+00    -0.0000000000e+00     4.3337962314e-01
   29.000000    -0.0000000000e+00    -0.0000000000e+00     4.2536693564e-01
   29.050000     0.0000000000e+00     0.0000000000e+00     4.1840470843e-01
   29.100000     0.0000000000e+00     0.0000000000e+00     4.1256420062e-01
   29.150000     0.0000000000e+00     0.0000000000e+00     4.0775186728e-01
   29.200000     0.0000000000e+00     0.0000000000e+00     4.0372042016e-01
   29.250000     0.0000000000e+00     0.0000000000e+00     4.0010218172e-01
   29.300000     0.0000000000e+00     0.0000000000e+00     3.9647514623e-01
   29.350000     0.0000000000e+00     0.0000000000e+00     3.9246192601e-01
   29.400000     0.0000000000e+00     0.0000000000e+00     3.8784288267e-01
   29.450000     0.0000000000e+00     0.0000000000e+00     3.8264720965e-01
   29.500000     0.0000000000e+00     0.0000000000e+00     3.7718108161e-01
   29.550000     0.0000000000e+00     0.0000000000e+00     3.7196693726e-01
   29.600000     0.0000000000e+00     0.0000000000e+00     3.6759938506e-01
   29.650000     0.0000000000e+00     0.0000000000e+00     3.6455812866e-01
   29.700000     0.0000000000e+00     0.0000000000e+00     3.6304005146e-01
   29.750000     0.0000000000e+00     0.0000000000e+00     3.6286998459e-01
   29.800000     0.0000000000e+00     0.0000000000e+00     3.6352320247e-01
   29.850000    -0.0000000000e+00    -0.0000000000e+00     3.6425386154e-01
   29.900000    -0.0000000000e+00    -0.0000000000e+00     3.6428834538e-01
   29.950000    -0.0000000000e+00    -0.0000000000e+00     3.6302336470e-01
   30.000000    -0.0000000000e+00    -0.0000000000e+00     3.6017056778e-01
